0.2523451747838408
0.08812504541128874
0.5772811982315034
0.22255426598712802
0.37566019711084664
0.02566390484571457
0.4472812858875841
0.1184600037522614
0.8738137057516724
0.9946342753246427
0.8532027236651629
0.49967672815546393
0.6420009464491159
0.8614561874419451
0.5964697764720768
0.0907501564361155
0.14020979800261557
0.950088276527822
0.9245554457884282
0.8894689562730491
0.5505083699245006
0.1805165521800518
0.5500854735728353
0.2589667965658009
0.9431216625962406
0.8215009802952409
0.15529390866868198
0.8293947107158601
0.4669222899246961
0.060704877600073814
0.02245523571036756
0.5372887724079192
0.8299602644983679
0.8453321186825633
0.6809180665295571
0.38075808389112353
0.5856568452436477
0.6963971555233002
0.7113653940614313
0.7186180767603219
0.9902874475810677
0.44975284952670336
0.09792640875093639
0.1915941252373159
0.4473786160815507
0.12700111605226994
0.7687648774590343
0.5937204719521105
0.8046440596226603
0.3894113814458251
0.21576908486895263
0.27205946622416377
0.01908474904485047
0.27797185257077217
0.3339683373924345
0.8828661148436368
0.955878077307716
0.1926985988393426
0.8713010295759887
0.5823229453526437
0.33668108214624226
0.31432744674384594
0.12935927300713956
0.9799701818265021
0.10297273122705519
0.9215136868879199
0.8057350877206773
0.43295623315498233
0.7100602698046714
0.3066645935177803
0.1185931561049074
0.5092334938235581
0.11737463087774813
0.2435297565534711
0.6040951393079013
0.6978244571946561
0.4906799078453332
0.20967422612011433
0.22730055614374578
0.6942831412889063
0.8818218896631151
0.8169594695791602
0.6971692244987935
0.8394768270663917
0.401640658499673
0.15315714105963707
0.12629026523791254
0.5398131092078984
0.6516722498927265
0.9878206634894013
0.4259626686107367
0.7470372593961656
0.4302643754053861
0.045539623126387596
0.07725242315791547
0.8257249020971358
0.9787312077824026
0.7997019765898585
0.1686512071173638
0.3865950028412044